{"avatarHeight":4.955921173095703,"path":[{"State":"Running","CFrame":[-951.6658325195313,172.2314453125,884.181396484375,-0.949094295501709,4.3526700466145488e-8,-0.3149920403957367,1.892847301121492e-8,1,8.115060268210073e-8,0.3149920403957367,7.105725075007286e-8,-0.949094295501709],"Velocity":[2.764716148376465,-2.670846462249756,12.842885971069336]},{"State":"Running","CFrame":[-950.3106079101563,171.99929809570313,886.3450317382813,-0.5251730680465698,1.0182005638625924e-7,-0.8509954214096069,-1.5141372600169235e-8,1,1.2899235457553005e-7,0.8509954214096069,8.062854561785571e-8,-0.5251730680465698],"Velocity":[18.462631225585939,0.2555580735206604,15.330669403076172]},{"State":"Running","CFrame":[-948.5442504882813,172.00559997558595,887.270263671875,-0.38170966506004336,-8.192763800707326e-8,-0.9242822527885437,1.606707478174485e-8,1,-9.527456512614663e-8,0.9242822527885437,-5.121773583027789e-8,-0.38170966506004336],"Velocity":[21.96558380126953,0.012431560084223748,9.67021369934082]},{"State":"Running","CFrame":[-945.4675903320313,172.00587463378907,888.455810546875,-0.27898502349853518,6.869140634080395e-8,-0.9602954983711243,-2.0052299376516204e-8,1,7.735713580814263e-8,0.9602954983711243,4.083761240281092e-8,-0.27898502349853518],"Velocity":[22.928390502929689,0.0012485283659771085,7.091308116912842]},{"State":"Running","CFrame":[-942.9652709960938,172.00587463378907,889.1615600585938,-0.2668986916542053,-7.193621343049017e-8,-0.9637246131896973,2.1034516350937339e-8,1,-8.046935562333602e-8,0.9637246131896973,-4.174864542960677e-8,-0.2668986916542053],"Velocity":[23.1294002532959,0.0012484054313972593,6.40553617477417]},{"State":"Running","CFrame":[-940.555908203125,172.00587463378907,889.828369140625,-0.2668986916542053,2.3887707811809379e-8,-0.9637246131896973,-6.476093439289343e-9,1,2.6580384115959533e-8,0.9637246131896973,1.333543941939297e-8,-0.2668986916542053],"Velocity":[23.129398345947267,0.0012484056642279029,6.4055352210998539]},{"State":"Running","CFrame":[-938.240966796875,172.00587463378907,890.4614868164063,-0.2547644078731537,3.727316055801566e-8,-0.9670031666755676,-1.0990628851459406e-8,1,4.1440589626517979e-8,0.9670031666755676,2.118555997299154e-8,-0.2547644078731537],"Velocity":[23.207883834838868,0.001248405547812581,6.115066051483154]},{"State":"Running","CFrame":[-935.727294921875,172.00587463378907,891.1232299804688,-0.2547644078731537,-2.205442051206319e-8,-0.9670031666755676,6.495252335980695e-9,1,-2.4518202579315586e-8,0.9670031666755676,-1.2527294757092023e-8,-0.2547644078731537],"Velocity":[23.208065032958986,0.001248466782271862,6.114383220672607]},{"State":"Running","CFrame":[-933.406982421875,172.00587463378907,891.7340698242188,-0.2547644078731537,8.846495802572463e-8,-0.9670031666755676,-2.3272223259596104e-8,1,9.761487262949231e-8,0.9670031666755676,4.7373109879345068e-8,-0.2547644078731537],"Velocity":[23.208066940307618,0.0012484054313972593,6.114383697509766]},{"State":"Running","CFrame":[-930.8944702148438,171.93881225585938,892.3958129882813,-0.2547644078731537,-5.3461892690620519e-8,-0.9670031666755676,1.3907732743234647e-8,1,-5.8950259784751327e-8,0.9670031666755676,-2.8467248114338873e-8,-0.2547644078731537],"Velocity":[23.165193557739259,-1.457471489906311,6.10308837890625]},{"State":"Running","CFrame":[-928.577392578125,171.8134002685547,893.0066528320313,-0.2547644078731537,8.766366477175325e-8,-0.9670031666755676,-2.2284869061195424e-8,1,9.652611510091447e-8,0.9670031666755676,4.6140957721263479e-8,-0.2547644078731537],"Velocity":[23.2006893157959,-0.6011775732040405,6.112440586090088]},{"State":"Running","CFrame":[-926.063720703125,171.81069946289063,893.6683959960938,-0.2547644078731537,-9.39130941901567e-8,-0.9670031666755676,2.3802897430869053e-8,1,-1.0338872868942417e-7,0.9670031666755676,-4.9357243625536287e-8,-0.2547644078731537],"Velocity":[23.20293617248535,0.2531898021697998,6.113032341003418]},{"State":"Running","CFrame":[-923.6478881835938,171.87759399414063,894.3046875,-0.2547644078731537,6.378715511345945e-8,-0.9670031666755676,-1.6063395946730453e-8,1,7.019577452638259e-8,0.9670031666755676,3.341673959766922e-8,-0.2547644078731537],"Velocity":[23.193363189697267,0.8299013376235962,6.110509395599365]},{"State":"Running","CFrame":[-921.1354370117188,171.9684600830078,894.9664306640625,-0.2547644078731537,-7.115420430636732e-8,-0.9670031666755676,1.790687242930744e-8,1,-7.829989101537649e-8,0.9670031666755676,-3.7264026531147468e-8,-0.2547644078731537],"Velocity":[23.202184677124025,0.7628111243247986,6.112834453582764]},{"State":"Running","CFrame":[-918.7184448242188,172.0045623779297,895.6027221679688,-0.2547644078731537,4.5422183347909598e-8,-0.9670031666755676,-1.1406317668161137e-8,1,4.997719571520065e-8,0.9670031666755676,2.376235563872342e-8,-0.2547644078731537],"Velocity":[23.208065032958986,0.05365581065416336,6.114383220672607]},{"State":"Running","CFrame":[-916.2047729492188,172.00587463378907,896.2644653320313,-0.2547644078731537,-4.6122895724920457e-8,-0.9670031666755676,1.1581296810447839e-8,1,-5.074791786796595e-8,0.9670031666755676,-2.4127913889060438e-8,-0.2547644078731537],"Velocity":[23.208065032958986,0.0012914236867800356,6.114384174346924]},{"State":"Running","CFrame":[-913.6864013671875,172.00587463378907,896.908935546875,-0.22630713880062104,3.8203403107672787e-8,-0.9740560054779053,-1.1682673495272411e-8,1,4.1935244610158409e-8,0.9740560054779053,2.0869823202929184e-8,-0.22630713880062104],"Velocity":[23.36052894592285,0.0012484996113926173,5.502934455871582]},{"State":"Running","CFrame":[-911.1546020507813,172.00587463378907,897.5003051757813,-0.22630517184734345,-3.643343404746702e-8,-0.9740564227104187,1.1749943240602079e-8,1,-4.0133716794343857e-8,0.9740564227104187,-2.0527576083395617e-8,-0.22630517184734345],"Velocity":[23.377283096313478,0.001248438493348658,5.431631088256836]},{"State":"Running","CFrame":[-908.4281005859375,172.00587463378907,898.1373901367188,-0.2324223667383194,4.397898223373886e-8,-0.9726150035858154,-1.4158527683605371e-8,1,4.8600671931353648e-8,0.9726150035858154,2.5066677622476165e-8,-0.2324223667383194],"Velocity":[23.365921020507814,0.00124843860976398,5.480307102203369]},{"State":"Running","CFrame":[-905.9073486328125,172.00587463378907,898.7744140625,-0.272945761680603,-4.4091581941074767e-8,-0.9620294570922852,1.3118475195028623e-8,1,-4.9553793957102246e-8,0.9620294570922852,-2.6145855258619123e-8,-0.272945761680603],"Velocity":[23.170076370239259,0.0012484382605180145,6.256778240203857]},{"State":"Running","CFrame":[-903.4136352539063,172.00587463378907,899.5097045898438,-0.30103206634521487,3.6220157539901268e-8,-0.9536139965057373,-9.500273456808373e-9,1,4.098099282145995e-8,0.9536139965057373,2.1396186156152909e-8,-0.30103206634521487],"Velocity":[22.904525756835939,0.00124843860976398,7.168120861053467]},{"State":"Running","CFrame":[-900.9345703125,172.00587463378907,900.2914428710938,-0.30103206634521487,-3.47998039273989e-8,-0.9536139965057373,9.135140643934392e-9,1,-3.9376281790737269e-8,0.9536139965057373,-2.0564920433230328e-8,-0.30103206634521487],"Velocity":[22.886722564697267,0.00124843860976398,7.224818706512451]},{"State":"Running","CFrame":[-898.45654296875,172.00587463378907,901.07666015625,-0.30901309847831728,2.90914048406421e-8,-0.9510577917098999,-7.189975725907516e-9,1,3.292460348802706e-8,0.9510577917098999,1.7012217412570864e-8,-0.30901309847831728],"Velocity":[22.84249496459961,0.0012484387261793018,7.363424777984619]},{"State":"Running","CFrame":[-896.10693359375,172.00587463378907,901.9267578125,-0.41055601835250857,-1.3402717158328415e-8,-0.9118353724479675,5.453298368429671e-10,1,-1.4944150805717983e-8,0.9118353724479675,-6.632661975203291e-9,-0.41055601835250857],"Velocity":[22.025711059570314,0.00124843860976398,9.531525611877442]},{"State":"Running","CFrame":[-893.83349609375,172.00587463378907,902.9660034179688,-0.41818034648895266,5.011503212415391e-9,-0.9083639979362488,6.083215597918468e-10,1,5.237014377712512e-9,0.9083639979362488,1.6374390732210032e-9,-0.41818034648895266],"Velocity":[21.80074691772461,0.00124843860976398,10.036317825317383]},{"State":"Running","CFrame":[-891.5618896484375,171.98345947265626,904.0083618164063,-0.4067326486110687,2.2871953220260367e-8,-0.9135472178459168,-3.083920896429504e-9,1,2.6409454179088244e-8,0.9135472178459168,1.3558893563470065e-8,-0.4067326486110687],"Velocity":[21.866668701171876,-0.845682680606842,9.855487823486329]},{"State":"Running","CFrame":[-889.3604125976563,171.84100341796876,904.9527587890625,-0.37201040983200076,-2.639417928662624e-8,-0.9282285571098328,3.749822674592451e-9,1,-2.99378335455458e-8,0.9282285571098328,-1.461787935141956e-8,-0.37201040983200076],"Velocity":[22.17090606689453,-1.256523609161377,9.103291511535645]},{"State":"Running","CFrame":[-887.0360717773438,171.80345153808595,905.8716430664063,-0.35640838742256167,6.768784288624374e-8,-0.9343302249908447,-1.2278080774308365e-8,1,7.712888816513441e-8,0.9343302249908447,3.896116496093782e-8,-0.35640838742256167],"Velocity":[22.403404235839845,0.09214882552623749,8.607393264770508]},{"State":"Running","CFrame":[-884.58544921875,171.80587768554688,906.7381591796875,-0.2870214581489563,-4.5441108653676568e-8,-0.9579241871833801,9.753078344942879e-9,1,-5.03593646783429e-8,0.9579241871833801,-2.3796928871888668e-8,-0.2870214581489563],"Velocity":[22.913850784301759,0.0017542940331622959,7.138154983520508]},{"State":"Running","CFrame":[-882.2693481445313,171.85414123535157,907.3582153320313,-0.19765295088291169,1.0666910554846254e-7,-0.9802719950675964,-3.178083574084667e-8,1,1.152238127133387e-7,0.9802719950675964,5.392818991367676e-8,-0.19765295088291169],"Velocity":[23.39767074584961,0.9911099076271057,5.212714672088623]},{"State":"Running","CFrame":[-879.7079467773438,171.9209747314453,907.7740478515625,-0.10660727322101593,-7.229704124256387e-8,-0.9943011999130249,2.6193522018047589e-8,1,-7.551982861286888e-8,0.9943011999130249,-3.409521198705079e-8,-0.10660727322101593],"Velocity":[23.655719757080079,-2.6419992446899416,2.861071825027466]},{"State":"Running","CFrame":[-877.3778076171875,171.3956756591797,907.9775390625,-0.06278581917285919,8.187326727693289e-8,-0.9980270266532898,-3.571268436530772e-8,1,8.428180819919362e-8,0.9980270266532898,4.093393002335688e-8,-0.06278581917285919],"Velocity":[23.23954963684082,-5.809887409210205,1.4722979068756104]},{"State":"Freefall","CFrame":[-874.8892822265625,175.9105987548828,908.1113891601563,-0.04186967760324478,2.299092116686552e-8,-0.9991230368614197,-7.1574768334414788e-9,1,2.3311045538321197e-8,0.9991230368614197,8.127226891474493e-9,-0.04186967760324478],"Velocity":[23.9786319732666,33.5333366394043,1.0123642683029175]},{"State":"Freefall","CFrame":[-872.3914184570313,178.296630859375,908.2166748046875,-0.041872210800647739,-8.38181719586828e-8,-0.9991229772567749,3.9073146496093616e-8,1,-8.552926544780348e-8,0.9991229772567749,-4.262017938572171e-8,-0.041872210800647739],"Velocity":[23.978952407836915,13.09585189819336,1.0049042701721192]},{"State":"Freefall","CFrame":[-869.7955322265625,178.51974487304688,908.3594970703125,-0.10035620629787445,8.719214861230285e-8,-0.994951605796814,-3.774891510488487e-8,1,9.144213208855945e-8,0.994951605796814,4.673512776776079e-8,-0.10035620629787445],"Velocity":[23.91830062866211,-8.159150123596192,1.9768097400665284]},{"State":"Landed","CFrame":[-867.3974609375,177.05767822265626,908.6648559570313,-0.19560104608535767,2.8189266032541128e-8,-0.9806835651397705,5.8157314519746709e-9,1,2.758453732099042e-8,0.9806835651397705,-3.078278465462603e-10,-0.19560104608535767],"Velocity":[21.26728630065918,-1.7650432586669922,3.6532909870147707]},{"State":"Running","CFrame":[-865.2223510742188,177.6278533935547,909.2882690429688,-0.43711385130882265,-6.3399170358025e-8,-0.8994061350822449,4.235990758161279e-8,1,-9.107706233635327e-8,0.8994061350822449,-7.790981015887155e-8,-0.43711385130882265],"Velocity":[22.146059036254884,17.99671745300293,9.233705520629883]},{"State":"Freefall","CFrame":[-863.4085693359375,181.14739990234376,910.4716796875,-0.7056211233139038,6.720569700746637e-8,-0.7085893154144287,-3.2151376672118207e-8,1,1.268610532179082e-7,0.7085893154144287,1.1229796115230784e-7,-0.7056211233139038],"Velocity":[15.82518196105957,47.43085479736328,14.4010648727417]},{"State":"Freefall","CFrame":[-861.7163696289063,184.8686065673828,912.1434326171875,-0.6981611251831055,1.6340434783046477e-8,-0.7159406542778015,3.177115459607194e-8,1,-8.158425934823299e-9,0.7159406542778015,-2.8442158850339184e-8,-0.6981611251831055],"Velocity":[17.07195281982422,27.810840606689454,16.868553161621095]},{"State":"Freefall","CFrame":[-859.9674072265625,186.62783813476563,913.7863159179688,-0.6438548564910889,-2.933749954081577e-8,-0.7651476263999939,1.0074958822769986e-7,1,-1.231208273111406e-7,0.7651476263999939,-1.5636025807452825e-7,-0.6438548564910889],"Velocity":[18.040008544921876,8.190851211547852,15.828601837158204]},{"State":"Landed","CFrame":[-857.942138671875,186.5747528076172,915.22314453125,-0.3347914516925812,7.453154893255487e-8,-0.9422922134399414,-3.126198677705361e-8,1,9.020322266906078e-8,0.9422922134399414,5.96572036215548e-8,-0.3347914516925812],"Velocity":[17.833663940429689,-0.022690443322062494,8.135363578796387]},{"State":"Running","CFrame":[-855.7188720703125,186.4391326904297,915.5818481445313,0.3169791102409363,-1.0134674965911472e-7,-0.9484325051307678,6.878401848098292e-8,1,-8.386854233322083e-8,0.9484325051307678,-3.865241993139534e-8,0.3169791102409363],"Velocity":[21.997520446777345,15.728805541992188,-3.253242254257202]},{"State":"Freefall","CFrame":[-853.9302978515625,188.76719665527345,914.4920654296875,0.7977960109710693,9.040309123520274e-8,-0.6029275059700012,-8.077924107396939e-9,1,1.392514832332381e-7,0.6029275059700012,-1.0622387947023526e-7,0.7977960109710693],"Velocity":[14.766560554504395,49.06585693359375,-15.162818908691407]},{"State":"Freefall","CFrame":[-852.4070434570313,192.7711944580078,912.5550537109375,0.7691803574562073,1.1115811560102884e-7,-0.6390317678451538,-5.749501497120946e-8,1,1.0474295208950935e-7,0.6390317678451538,-4.3825078677173226e-8,0.7691803574562073],"Velocity":[14.92915153503418,28.628339767456056,-18.7913761138916]},{"State":"Freefall","CFrame":[-850.5999145507813,194.67701721191407,910.6956176757813,0.5305166244506836,1.2916325431433507e-7,-0.8476744890213013,8.773629822655949e-9,1,1.5786460494382482e-7,0.8476744890213013,-9.1186976192148e-8,0.5305166244506836],"Velocity":[19.07304573059082,7.373351097106934,-14.5635986328125]},{"State":"Running","CFrame":[-848.4048461914063,195.49073791503907,909.8646850585938,0.0607035756111145,-1.0850003917539652e-7,-0.9981558918952942,-5.2537838968191866e-8,1,-1.1189561632818368e-7,0.9981558918952942,5.923341817037908e-8,0.0607035756111145],"Velocity":[23.73405647277832,20.951711654663087,-2.8618361949920656]},{"State":"Running","CFrame":[-845.9102172851563,198.0459442138672,909.8864135742188,-0.19354689121246339,6.916828709790934e-8,-0.9810910224914551,4.317339019621613e-8,1,6.198427371373327e-8,0.9810910224914551,-3.036016238411321e-8,-0.19354689121246339],"Velocity":[23.82817840576172,21.209016799926759,2.8307974338531496]},{"State":"Jumping","CFrame":[-843.6670532226563,199.7967529296875,910.5452880859375,-0.5620779991149902,3.4500513557134129e-10,-0.8270842432975769,-3.38421735079919e-8,1,2.3415932304260424e-8,0.8270842432975769,4.115191032383336e-8,-0.5620779991149902],"Velocity":[17.969099044799806,52.33586120605469,6.5543036460876469]},{"State":"Freefall","CFrame":[-841.7769775390625,204.2708740234375,912.0404663085938,-0.7501069903373718,1.0332658462175459e-7,-0.661316454410553,5.2708109876675738e-8,1,9.645889775811156e-8,0.661316454410553,3.7497748905934716e-8,-0.7501069903373718],"Velocity":[15.79659366607666,31.08083724975586,18.06798553466797]},{"State":"Freefall","CFrame":[-840.12451171875,206.4014434814453,913.9159545898438,-0.7501069903373718,9.199209216603777e-8,-0.6613165140151978,1.3405251308995504e-7,1,-1.29463400000418e-8,0.6613165140151978,-9.836227832238365e-8,-0.7501069903373718],"Velocity":[15.871573448181153,10.643351554870606,18.002588272094728]},{"State":"Landed","CFrame":[-838.515625,205.9949493408203,915.7528686523438,-0.7637948989868164,-2.1254056292718816e-8,-0.6454590559005737,-9.785722454580537e-9,1,-2.134879295567771e-8,0.6454590559005737,-9.989816085465009e-9,-0.7637948989868164],"Velocity":[14.878978729248047,-19.123260498046876,17.092023849487306]},{"State":"Running","CFrame":[-837.0902709960938,207.3618621826172,917.4481811523438,-0.7403315305709839,5.454838802876338e-9,-0.6722419261932373,-2.1049860521316078e-8,1,3.129634507104129e-8,0.6722419261932373,3.7320273094110237e-8,-0.7403315305709839],"Velocity":[15.379687309265137,19.725200653076173,17.724929809570314]},{"State":"Running","CFrame":[-835.4246826171875,209.2735595703125,918.979248046875,-0.5216026902198792,1.2430734841473169e-7,-0.8531884551048279,8.374924220788671e-8,1,9.449671978245533e-8,0.8531884551048279,-2.2164144297676104e-8,-0.5216026902198792],"Velocity":[16.94878387451172,16.985761642456056,11.447430610656739]},{"State":"Freefall","CFrame":[-833.1802368164063,212.47503662109376,919.9898681640625,-0.24056105315685273,-1.0583677578779316e-7,-0.9706339836120606,-7.768804266561347e-8,1,-8.978467747056129e-8,0.9706339836120606,5.3807955424645118e-8,-0.24056105315685273],"Velocity":[23.08609962463379,42.52585220336914,6.557716369628906]},{"State":"Freefall","CFrame":[-830.6268920898438,215.88641357421876,920.4605102539063,-0.08784670382738114,8.792034833504658e-8,-0.9961340427398682,-6.815875508436875e-8,1,9.427232328107493e-8,0.9961340427398682,7.617676089921588e-8,-0.08784670382738114],"Velocity":[23.874916076660158,21.270851135253908,2.4446942806243898]},{"State":"Climbing","CFrame":[-829.8992309570313,217.69683837890626,920.5283813476563,-0.09410194307565689,-0.0005561857833527029,-0.9955623745918274,0.000004597386123350589,0.9999998211860657,-0.0005590993678197265,0.9955625534057617,-0.0000571893215237651,-0.0941019281744957],"Velocity":[-0.0074368929490447048,16.800029754638673,-0.0005426696734502912]},{"State":"Freefall","CFrame":[-829.8746948242188,219.4129180908203,920.5313720703125,-0.13156089186668397,-3.899727687439736e-7,-0.9913080930709839,7.442707339322396e-9,1,-3.94379839008252e-7,0.9913080930709839,-5.926298030090038e-8,-0.13156089186668397],"Velocity":[2.366657257080078,13.529998779296875,0.28148961067199709]},{"State":"Landed","CFrame":[-828.7376708984375,221.17007446289063,920.7664794921875,-0.3817117512226105,1.0364627200942778e-7,-0.9242814779281616,1.2430964035914372e-9,1,1.116237555720545e-7,0.9242814779281616,4.1459131239207639e-8,-0.3817117512226105],"Velocity":[16.384428024291993,31.135107040405275,5.411140441894531]},{"State":"Freefall","CFrame":[-826.7354736328125,225.56289672851563,921.794921875,-0.5586111545562744,1.1042143199802013e-7,-0.8294296860694885,3.788761748779734e-9,1,1.3057766068413913e-7,0.8294296860694885,6.97996185294869e-8,-0.5586111545562744],"Velocity":[20.032184600830079,36.8033447265625,13.217070579528809]},{"State":"Freefall","CFrame":[-824.6635131835938,228.28955078125,923.19384765625,-0.5603448152542114,-2.684683408915589e-8,-0.8282594680786133,1.5349165494171758e-8,1,-4.279777243709759e-8,0.8282594680786133,-3.6694601135423e-8,-0.5603448152542114],"Velocity":[19.878211975097658,16.365856170654298,13.448295593261719]},{"State":"Freefall","CFrame":[-822.5903930664063,228.88729858398438,924.5908813476563,-0.5481438636779785,-7.173878202593187e-8,-0.8363840579986572,1.113935876873029e-8,1,-9.307298398653075e-8,0.8363840579986572,-6.033417321305024e-8,-0.5481438636779785],"Velocity":[19.989490509033204,-4.071645736694336,13.282320022583008]},{"State":"Landed","CFrame":[-820.4758911132813,227.86880493164063,925.93701171875,-0.5126362442970276,6.031129373695876e-8,-0.8586059212684631,-1.6028520732902508e-8,1,7.981321203942571e-8,0.8586059212684631,5.467732577812967e-8,-0.5126362442970276],"Velocity":[16.67414093017578,-0.020444177091121675,10.05710506439209]},{"State":"Running","CFrame":[-818.4655151367188,227.3658447265625,927.0760498046875,-0.42956218123435976,-6.824350862189022e-8,-0.9030372500419617,3.8805278990139416e-8,1,-9.403021294929204e-8,0.9030372500419617,-7.543443558688523e-8,-0.42956218123435976],"Velocity":[20.5872745513916,9.590485572814942,10.473244667053223]},{"State":"Running","CFrame":[-816.094970703125,228.39544677734376,928.1370239257813,-0.34660452604293826,7.034959281781994e-8,-0.9380113482475281,-4.95987642068485e-8,1,9.33258945678972e-8,0.9380113482475281,7.88713876431757e-8,-0.34660452604293826],"Velocity":[22.00396156311035,-2.3225367069244386,9.57658863067627]},{"State":"Freefall","CFrame":[-813.6605224609375,232.74107360839845,929.0478515625,-0.3268837332725525,-5.3473005579007807e-8,-0.9450644850730896,4.659833408027225e-8,1,-7.269899526818335e-8,0.9450644850730896,-6.780255290550486e-8,-0.3268837332725525],"Velocity":[22.614988327026368,34.3508415222168,8.035061836242676]},{"State":"Freefall","CFrame":[-811.3861083984375,235.154296875,929.8137817382813,-0.2970365285873413,-2.6163474942109134e-8,-0.9548661708831787,2.280331656834278e-8,1,-3.44937269858292e-8,0.9548661708831787,-3.2020011531130879e-8,-0.2970365285873413],"Velocity":[22.83618927001953,14.730855941772461,7.382870674133301]},{"State":"Freefall","CFrame":[-808.8839111328125,235.55453491210938,930.518310546875,-0.22222307324409486,7.129404622219227e-8,-0.9749959111213684,-4.493630001434212e-8,1,8.336438384048961e-8,0.9749959111213684,6.233820215584274e-8,-0.22222307324409486],"Velocity":[23.303022384643556,-6.52414608001709,5.741623401641846]},{"State":"Freefall","CFrame":[-807.0532836914063,233.8802490234375,930.9404296875,-0.09619035571813584,2.8243436034358639e-8,-0.9953629970550537,3.14214112506761e-8,1,2.533849396968435e-8,0.9953629970550537,-2.8838391230578965e-8,-0.09619035571813584],"Velocity":[11.77735710144043,-26.144136428833009,2.701164722442627]},{"State":"Freefall","CFrame":[-806.578857421875,229.8523712158203,931.0492553710938,-0.02093624323606491,-2.339381133253937e-8,-0.9997807741165161,1.1931462040593034e-7,1,-2.5897486821691019e-8,0.9997807741165161,-1.1983065917320347e-7,-0.02093624323606491],"Velocity":[0.000774857122451067,-47.39915084838867,0.00017771523562259972]},{"State":"Running","CFrame":[-806.4940795898438,226.7012481689453,931.0477905273438,0.020949525758624078,1.3085060146522665e-8,-0.9997804760932922,-8.563849007714453e-8,1,1.1293452395477744e-8,0.9997804760932922,8.538309970163027e-8,0.020949525758624078],"Velocity":[8.135747909545899,4.943389415740967,-0.1471075564622879]},{"State":"Jumping","CFrame":[-804.373046875,227.46371459960938,930.9785766601563,0.043970972299575809,1.861777221279226e-8,-0.9990327954292297,2.450769809314579e-9,1,1.8743664398357397e-8,0.9990327954292297,-3.2725764320673535e-9,0.043970972299575809],"Velocity":[23.806896209716798,52.33586120605469,-1.046694040298462]},{"State":"Freefall","CFrame":[-801.8756713867188,231.80833435058595,930.8687133789063,0.043971043080091479,2.3196514931100866e-8,-0.9990327954292297,9.365675879280389e-8,1,2.7341144459569479e-8,0.9990327954292297,-9.47683957974732e-8,0.043971043080091479],"Velocity":[23.976781845092775,31.89833641052246,-1.0553613901138306]},{"State":"Climbing","CFrame":[-800.822509765625,233.9647979736328,930.839111328125,0.03350730612874031,0.0006178994080983102,-0.9994382858276367,0.00018950633239001036,0.9999997615814209,0.0006245999247767031,0.999438464641571,-0.00021032855147495866,0.03350718319416046],"Velocity":[-0.05925263091921806,16.80301284790039,0.02411314845085144]},{"State":"Climbing","CFrame":[-800.8233642578125,235.5748291015625,930.8394775390625,-0.04605620354413986,0.0000022959604848438177,-0.998938798904419,9.947438002200216e-7,1,0.000002252536660307669,0.998938798904419,-8.899448857846437e-7,-0.04605620354413986],"Velocity":[-0.0001104085094993934,16.800003051757814,0.000050553975597722459]},{"State":"Freefall","CFrame":[-800.4451904296875,236.80374145507813,930.8737182617188,-0.13778463006019593,-7.6626236023003e-8,-0.9904622435569763,-5.055194662872964e-8,1,-7.033176530057972e-8,0.9904622435569763,4.0379159571557469e-8,-0.13778463006019593],"Velocity":[10.072346687316895,2.902499198913574,1.0431855916976929]},{"State":"Running","CFrame":[-798.7313842773438,239.2161407470703,931.1260986328125,-0.1564282327890396,5.158354099421558e-8,-0.9876893162727356,-2.98326909842217e-8,1,5.6951321880660546e-8,0.9876893162727356,3.837422468677687e-8,-0.1564282327890396],"Velocity":[22.905614852905275,13.369500160217286,3.6277549266815187]},{"State":"Freefall","CFrame":[-796.2445678710938,239.4689178466797,931.5206909179688,-0.15849676728248597,-2.954314304304262e-8,-0.9873594641685486,1.7154377474071226e-8,1,-3.2675085748223867e-8,0.9873594641685486,-2.211643312932665e-8,-0.15849676728248597],"Velocity":[23.586856842041017,-7.885501861572266,3.77939772605896]},{"State":"Climbing","CFrame":[-795.1533203125,240.02256774902345,931.7224731445313,-0.1584971398115158,-0.000038845042581669989,-0.9873594641685486,0.0018097967840731145,0.9999983310699463,-0.00032986223232001066,0.9873578548431397,-0.0018392021302133799,-0.15849681198596955],"Velocity":[-0.21757657825946809,16.793716430664064,-0.21934868395328523]},{"State":"Climbing","CFrame":[-795.1541137695313,241.7025909423828,931.7210083007813,-0.15849687159061433,7.918259257166937e-7,-0.9873594641685486,-0.000002352751380385598,1,0.0000011796408898590017,0.9873594641685486,0.000002509980731701944,-0.15849687159061433],"Velocity":[-0.000058142042689723897,16.800004959106447,-0.0004392848059069365]},{"State":"Climbing","CFrame":[-795.1541137695313,243.5227813720703,931.7210083007813,-0.15849687159061433,3.9202095791779359e-8,-0.9873594641685486,-7.891551945249376e-8,1,5.2371969871956028e-8,0.9873594641685486,8.621877611858508e-8,-0.15849687159061433],"Velocity":[-4.9639265142786829e-8,16.799999237060548,-9.830608860283974e-7]},{"State":"Climbing","CFrame":[-795.1566772460938,245.34202575683595,931.7205810546875,-0.15849757194519044,-0.00031500717159360647,-0.9873592853546143,0.00006680433580186218,0.9999999403953552,-0.0003297639195807278,0.987359344959259,-0.00011822666419902816,-0.15849754214286805],"Velocity":[-0.04338420554995537,16.787822723388673,-0.004892831202596426]},{"State":"Climbing","CFrame":[-795.1995849609375,247.0068359375,931.7186889648438,-0.13985787332057954,-0.0000125090082292445,-0.9901716709136963,0.000007852419912524056,1,-0.000013742295777774416,0.9901716709136963,-0.00000969721168075921,-0.13985787332057954],"Velocity":[0.0013909335248172284,16.799928665161134,0.0007877420866861939]},{"State":"Climbing","CFrame":[-795.1995849609375,248.8270263671875,931.7186889648438,-0.07740791141986847,-8.404987994481417e-8,-0.9969995021820068,2.722594949489121e-8,1,-8.641667648134899e-8,0.9969995021820068,-3.38335937044576e-8,-0.07740791141986847],"Velocity":[8.72913631155825e-7,16.80000114440918,-2.1600787647457765e-7]},{"State":"Freefall","CFrame":[-794.5723876953125,249.645263671875,931.7511596679688,-0.010468823835253716,-2.7906468247351769e-8,-0.9999451637268066,-2.328455472877522e-8,1,-2.7664222912449078e-8,0.9999451637268066,2.2993667414539233e-8,-0.010468823835253716],"Velocity":[13.09469223022461,-1.1850008964538575,0.5110621452331543]},{"State":"Freefall","CFrame":[-792.4869995117188,254.10110473632813,931.7567749023438,0.010479393415153027,1.6997542928720578e-8,-0.9999450445175171,1.6274807279614835e-8,1,1.7169035970709957e-8,0.9999450445175171,-1.645383385096011e-8,0.010479393415153027],"Velocity":[23.90479278564453,44.160850524902347,-0.24674075841903687]},{"State":"Freefall","CFrame":[-790.0877685546875,257.4953308105469,931.7174072265625,0.02304225228726864,-1.212630991176411e-7,-0.9997344613075256,1.0268843908534109e-7,1,-1.1892850437789093e-7,0.9997344613075256,-9.992079696985457e-8,0.02304225228726864],"Velocity":[23.99365234375,24.540843963623048,-0.5519831776618958]},{"State":"Climbing","CFrame":[-787.9783325195313,259.29034423828127,931.6487426757813,0.05863066017627716,-0.015283928252756596,-0.9981627464294434,-0.0010317815467715264,0.9998813271522522,-0.015370847657322884,0.9982792139053345,0.0019310882780700923,0.05860794335603714],"Velocity":[-0.3391680121421814,16.356595993041993,-0.05738665163516998]},{"State":"Climbing","CFrame":[-787.9818115234375,260.9693908691406,931.6494750976563,0.12949129939079286,-0.00000884259588929126,-0.9915805459022522,9.119565902437898e-7,1,-0.000008798584531177767,0.9915805459022522,2.3506173363330164e-7,0.12949129939079286],"Velocity":[-0.000733270135242492,16.800033569335939,0.00018988939700648189]},{"State":"Running","CFrame":[-787.5620727539063,264.4818115234375,931.5343017578125,0.33479949831962588,1.8758046849143285e-7,-0.942289412021637,-4.73428052316649e-9,1,1.9738673984193157e-7,0.942289412021637,-6.162392196529254e-8,0.33479949831962588],"Velocity":[16.481008529663087,63.17988586425781,-4.984652996063232]},{"State":"Freefall","CFrame":[-785.6343383789063,269.8969421386719,930.5775756835938,0.7115392684936523,-2.774272900296637e-8,-0.7026461958885193,-3.220191757691282e-8,1,-7.209269625718662e-8,0.7026461958885193,7.392333856159894e-8,0.7115392684936523],"Velocity":[18.972646713256837,50.70085906982422,-13.784845352172852]},{"State":"Freefall","CFrame":[-784.1174926757813,274.0712585449219,928.6278076171875,0.9092391729354858,3.06790610693497e-8,-0.41627398133277895,3.611367205280658e-8,1,1.525798722923355e-7,0.41627398133277895,-1.5376478756934376e-7,0.9092391729354858],"Velocity":[11.068041801452637,30.263338088989259,-21.294443130493165]},{"State":"Freefall","CFrame":[-783.1488037109375,276.1541748046875,926.2437133789063,0.9358157515525818,1.4813411830516543e-8,-0.3524895906448364,4.802271358350652e-10,1,4.330004799157905e-8,0.3524895906448364,-4.069014281071759e-8,0.9358157515525818],"Velocity":[7.619660377502441,9.00835132598877,-20.229211807250978]},{"State":"Freefall","CFrame":[-782.6306762695313,275.9344787597656,924.86767578125,0.9210508465766907,-9.758436725348929e-9,-0.3894423842430115,-2.57783536738998e-8,1,-8.602456347261978e-8,0.3894423842430115,8.92721843115396e-8,0.9210508465766907],"Velocity":[2.1590001583099367,-12.246650695800782,-5.731861591339111]},{"State":"Freefall","CFrame":[-782.5884399414063,273.5517578125,924.7554931640625,0.7836987972259522,-1.4646944990204247e-8,-0.6211410164833069,5.323181184735404e-8,1,4.358231464607343e-8,0.6211410164833069,-6.721986522961743e-8,0.7836987972259522],"Velocity":[4.110425422254593e-8,-32.68413543701172,-1.0911833214777289e-7]},{"State":"Freefall","CFrame":[-782.1832275390625,269.0401306152344,924.2758178710938,0.7569963932037354,1.0598831146069188e-8,-0.653419017791748,2.7171134675540999e-8,1,4.7698765825998637e-8,0.653419017791748,-5.386193180356713e-8,0.7569963932037354],"Velocity":[8.525537490844727,-53.12166213989258,-9.955062866210938]},{"State":"Freefall","CFrame":[-780.5946655273438,270.2214660644531,922.4346923828125,0.7569963932037354,2.900162776597881e-8,-0.653419017791748,-1.0719303844552997e-7,1,-7.980042937560938e-8,0.653419017791748,1.304506014321305e-7,0.7569963932037354],"Velocity":[15.681891441345215,46.61335372924805,-18.1678524017334]},{"State":"Freefall","CFrame":[-779.021484375,273.86090087890627,920.6221313476563,0.7501122355461121,-3.09672394394056e-8,-0.6613104939460754,6.653200301798279e-8,1,2.8638936555580586e-8,0.6613104939460754,-6.548072661871629e-8,0.7501122355461121],"Velocity":[15.793837547302246,26.99334144592285,-18.070817947387697]},{"State":"Freefall","CFrame":[-777.2811889648438,275.5895690917969,918.6905517578125,0.7159405946731567,2.2547095301916899e-9,-0.6981611847877502,1.910715852204703e-8,1,2.2823240186653494e-8,0.6981611847877502,-2.9679959823170067e-8,0.7159405946731567],"Velocity":[16.448373794555665,5.738350868225098,-17.477035522460939]},{"State":"Landed","CFrame":[-775.8933715820313,274.8824768066406,917.3446655273438,0.6079351902008057,5.0301625975635036e-8,-0.7939866185188294,-5.4933863680162179e-8,1,2.1291784335630838e-8,0.7939866185188294,3.06727265808604e-8,0.6079351902008057],"Velocity":[2.6912951469421388,-20.406036376953126,-2.4757068157196047]},{"State":"Running","CFrame":[-775.8853759765625,273.1385498046875,917.3373413085938,0.5463964939117432,-3.8333606511287147e-8,-0.8375266194343567,6.46654925162693e-8,1,-3.5827032451862807e-9,0.8375266194343567,-5.2201492906078786e-8,0.5463964939117432],"Velocity":[-3.9842916521592999e-7,3.065385580062866,-7.487610673706513e-7]},{"State":"Running","CFrame":[-775.000732421875,273.4034118652344,916.9371337890625,0.19149786233901978,1.5092087579660075e-8,-0.9814929962158203,-7.049616357335253e-8,1,1.6222456711290079e-9,0.9814929962158203,6.888082992873024e-8,0.19149786233901978],"Velocity":[18.658037185668947,16.193653106689454,-6.4235124588012699]},{"State":"Freefall","CFrame":[-772.6383056640625,276.9837951660156,916.77099609375,-0.03140738606452942,1.0799646510406547e-8,-0.9995067119598389,1.52924542362598e-7,1,5.9996465573419759e-9,0.9995067119598389,-1.5266067521224614e-7,-0.03140738606452942],"Velocity":[23.9881591796875,41.70834732055664,0.753623902797699]},{"State":"Freefall","CFrame":[-770.0389404296875,280.30657958984377,916.8496704101563,-0.016751591116189958,1.3703813195320436e-8,-0.9998596906661987,-5.2377508552581278e-8,1,1.4583266150225427e-8,0.9998596906661987,5.2614453238675199e-8,-0.016751591116189958],"Velocity":[23.993244171142579,20.45334815979004,0.5680068135261536]},{"State":"Freefall","CFrame":[-767.4401245117188,281.3267517089844,916.8203735351563,0.07533137500286102,2.8974280752436244e-8,-0.9971585273742676,-4.185787716437517e-8,1,2.5894648203461658e-8,0.9971585273742676,3.978826157435833e-8,0.07533137500286102],"Velocity":[23.962955474853517,-0.8016495704650879,-1.3307956457138062]},{"State":"Freefall","CFrame":[-764.8561401367188,280.0443115234375,916.5394897460938,0.14816102385520936,4.093966765594814e-8,-0.98896324634552,7.617563113626602e-8,1,5.280876180790983e-8,0.98896324634552,-8.315910093870116e-8,0.14816102385520936],"Velocity":[23.7440242767334,-22.056644439697267,-3.495687484741211]},{"State":"Freefall","CFrame":[-762.2888793945313,276.4592590332031,916.1293334960938,0.19766326248645783,-3.536844772611403e-8,-0.9802699685096741,-4.2781177711503918e-8,1,-4.4706780499836898e-8,0.9802699685096741,5.077398768094099e-8,0.19766326248645783],"Velocity":[23.617040634155275,-43.311649322509769,-4.269509315490723]},{"State":"Running","CFrame":[-760.099365234375,273.8951721191406,915.649169921875,0.2426024228334427,6.137927055505088e-9,-0.9701257944107056,-1.1841942537671457e-8,1,3.365587586401375e-9,0.9701257944107056,1.0671674210982474e-8,0.2426024228334427],"Velocity":[21.647869110107423,-12.198400497436524,-5.110141754150391]},{"State":"Running","CFrame":[-758.1228637695313,272.7022705078125,915.1052856445313,0.27899569272994997,1.5219639992736234e-9,-0.9602923393249512,2.6234470595909444e-8,1,9.20685039318414e-9,0.9602923393249512,-2.7761432264128417e-8,0.27899569272994997],"Velocity":[17.847564697265626,-3.0454940795898439,-5.185268878936768]},{"State":"Freefall","CFrame":[-756.0062866210938,275.9313659667969,914.490234375,0.2789956033229828,-6.823249520948593e-8,-0.960292398929596,-3.7605168756726928e-8,1,-8.19793797290913e-8,0.960292398929596,5.8983843587157028e-8,0.2789956033229828],"Velocity":[23.046100616455079,39.25584411621094,-6.695648193359375]},{"State":"Freefall","CFrame":[-753.5100708007813,278.98846435546877,913.7650146484375,0.27899566292762759,-7.971542004270305e-8,-0.9602923393249512,-5.889168974704262e-8,1,-1.0012153239813415e-7,0.9602923393249512,8.448671451333212e-8,0.27899566292762759],"Velocity":[23.047012329101564,18.000850677490236,-6.695913314819336]},{"State":"Freefall","CFrame":[-751.0144653320313,279.7429504394531,913.0376586914063,0.281007319688797,8.39712939182391e-8,-0.9597055912017822,5.5274867349908166e-8,1,1.036817280919422e-7,0.9597055912017822,-8.218292180117715e-8,0.281007319688797],"Velocity":[23.032936096191408,-3.2541494369506838,-6.744167327880859]},{"State":"Freefall","CFrame":[-748.7117309570313,278.3956604003906,912.3638305664063,0.2810072898864746,-8.173429044688874e-9,-0.959705650806427,9.851351956413624e-10,1,-8.228147052591339e-9,0.959705650806427,1.36672928530146e-9,0.2810072898864746],"Velocity":[23.032936096191408,-22.874143600463868,-6.744167804718018]},{"State":"Running","CFrame":[-746.2169799804688,276.5731201171875,911.6348876953125,0.27899542450904848,-6.777220562526054e-8,-0.960292398929596,-3.6259255153936468e-8,1,-8.110901461577669e-8,0.960292398929596,5.744853481814971e-8,0.27899542450904848],"Velocity":[23.046171188354493,-18.76344871520996,-6.695814609527588]},{"State":"Jumping","CFrame":[-743.71923828125,275.6349182128906,910.9334716796875,0.23853616416454316,3.8078205477631857e-8,-0.9711336493492127,1.9736777545631413e-8,1,4.4057934189822848e-8,0.9711336493492127,-2.9676460400196448e-8,0.23853616416454316],"Velocity":[23.14035415649414,52.33586120605469,-6.0627522468566898]},{"State":"Freefall","CFrame":[-741.3685302734375,279.84661865234377,910.4590454101563,0.13987068831920625,-6.993587042813942e-9,-0.9901697635650635,-3.434989892525664e-8,1,-1.1915260778039283e-8,0.9901697635650635,3.5678823451235078e-8,0.13987068831920625],"Velocity":[23.753326416015626,32.71583557128906,-3.4314093589782717]},{"State":"Freefall","CFrame":[-738.8916625976563,282.1474609375,910.1188354492188,0.1274164319038391,3.2678368455663079e-8,-0.9918493032455444,-8.511721460990884e-8,1,2.201245052901868e-8,0.9918493032455444,8.161869402556477e-8,0.1274164319038391],"Velocity":[23.797792434692384,12.278351783752442,-3.1088647842407228]},{"State":"Freefall","CFrame":[-736.8204345703125,282.41119384765627,909.8525390625,0.1149415597319603,6.868049240438268e-8,-0.9933722615242004,-1.291357989430253e-7,1,5.419662230110589e-8,0.9933722615242004,1.220504799448463e-7,0.1149415597319603],"Velocity":[18.485593795776368,-5.7066497802734379,-2.3747191429138185]},{"State":"Freefall","CFrame":[-735.6578979492188,280.23992919921877,909.7031860351563,0.08159860223531723,3.73989763602367e-8,-0.9966652989387512,-6.155251242034865e-8,1,3.248470648031798e-8,0.9966652989387512,5.8696542737379789e-8,0.08159860223531723],"Velocity":[1.3472678661346436,-29.41413688659668,-0.17307427525520326]},{"State":"Landed","CFrame":[-735.1837768554688,276.2766418457031,909.6765747070313,0.004191827028989792,-3.740822407394262e-8,-0.9999911785125732,9.588896432433103e-8,1,-3.700660045069526e-8,0.9999911785125732,-9.573300019383169e-8,0.004191827028989792],"Velocity":[17.30545425415039,-49.034156799316409,-0.6323863863945007]},{"State":"Running","CFrame":[-732.6365966796875,275.035400390625,909.6666870117188,0.0020984550938010217,3.854107077927438e-8,-0.9999977946281433,1.8917321042977165e-8,1,3.858085051433591e-8,0.9999977946281433,-1.8998239426082365e-8,0.0020984550938010217],"Velocity":[23.914186477661134,3.2059695720672609,-0.050215575844049457]},{"State":"Running","CFrame":[-730.048583984375,274.6876220703125,909.6619262695313,0.0020984550938010217,1.1388080167762382e-7,-0.9999977946281433,-5.761617316579759e-8,1,1.1376015152109176e-7,0.9999977946281433,5.737732422517183e-8,0.0020984550938010217],"Velocity":[23.99994659423828,-12.917364120483399,-0.0503956563770771]},{"State":"Freefall","CFrame":[-727.649169921875,278.7268371582031,909.6575317382813,0.0021001766435801985,-1.2003968663520937e-7,-0.9999977946281433,4.84181796878147e-8,1,-1.1993826376510698e-7,0.9999977946281433,-4.81661821538637e-8,0.0021001766435801985],"Velocity":[23.99994659423828,36.803340911865237,-0.05039536580443382]},{"State":"Freefall","CFrame":[-725.0498046875,281.51824951171877,909.6527709960938,0.0021001892164349558,-9.424764080279147e-9,-0.9999977946281433,1.6067264851926667e-8,1,-9.391039945683133e-9,0.9999977946281433